10000100000000010000000000000000
01000100001000000000000000001010
01000000000000100000000000000000
01000000000000110000000000000001
01000000000001000000000000000010
00101100001001000010100000000000
01001000101000000000000000000110
00000100010000110010100000000000
01000000011000100000000000000000
01000000101000110000000000000000
01000000100001000000000000000001
01110100000000000000000000000101
01000000000000110000000000000000
10001000011000000000000000000000
11111100000000000000000000000000