10000100000000010000000000000000
01011000000000010000000000001111
01000000000001010000000000001010
01010100101000010000000000000101
01111000000000000000000000000111
10001000010000000000000000000000
11111100000000000000000000000000
01000100001000000000000000001000
01111100000111110000000000000000
01111100000000010000000000000000
01000000001000011111111111111111
01111000000000000000000000000111
10000000000000010000000000000000
10000000000111110000000000000000
00001100001000100001000000000000
00111011111000000000000000000000
01000000000000100000000000000001
00111011111000000000000000000000